10000 4.08e-05
30000 0.0001076
50000 0.0001798
70000 0.0002257
90000 0.0002936
110000 0.0002981
130000 0.0003541
150000 0.0003521
170000 0.0003994
190000 0.000431
210000 0.0004843
230000 0.00051
250000 0.0005682
270000 0.0006006
290000 0.0006355
310000 0.0006964
330000 0.0007381
350000 0.0007889
370000 0.0008516
390000 0.000891
410000 0.0008977
430000 0.0009431
450000 0.0009872
470000 0.0010351
490000 0.0010758
510000 0.0011331
530000 0.001184
550000 0.0012256
570000 0.0012509
590000 0.0013064
610000 0.0013592
630000 0.0014009
650000 0.0014455
670000 0.0014945
690000 0.0015295
710000 0.0015807
730000 0.0016196
750000 0.001669
770000 0.0017054
790000 0.0017516
810000 0.0018033
830000 0.0018398
850000 0.0018877
870000 0.0019457
890000 0.001988
910000 0.002033
930000 0.0020775
950000 0.0021053
970000 0.0021414
990000 0.0021832
